
No: 0
Parent_ID: -1
_axis: 0
_link_com: -0.01 0 0.244709
_link_inertial: 
  0.6642  1.1e-05 0.000129
 1.1e-05  0.39147    3e-06
0.000129    3e-06  0.28166
_T_list: 
1 0 0 0
0 1 0 0
0 0 1 0
0 0 0 1

No: 1
Parent_ID: 0
_axis: 1
_link_com: -0.009637 7.9e-05 -0.000669
_link_inertial: 
 0.001191     1e-06 -0.000122
    1e-06  0.001273         0
-0.000122         0  0.001434
_T_list: 
    1     0     0     0
    0     1     0 0.105
    0     0     1     0
    0     0     0     1

No: 2
Parent_ID: 1
_axis: 5
_link_com: -2e-06 0.044064 -0.085155
_link_inertial: 
 0.009075        -0  -2.9e-05
       -0  0.014711 -0.000457
 -2.9e-05 -0.000457  0.008308
_T_list: 
      1       0       0       0
      0       1       0       0
      0       0       1 -0.0415
      0       0       0       1

No: 3
Parent_ID: 2
_axis: 3
_link_com: 0.001848 -0.020822 -0.089529
_link_inertial: 
 0.066232  0.000184 -0.000831
 0.000184  0.072898 -0.005319
-0.000831 -0.005319  0.012788
_T_list: 
     1      0      0      0
     0      1      0      0
     0      0      1 -0.089
     0      0      0      1

No: 4
Parent_ID: 3
_axis: 3
_link_com: -0.003249 8.9e-05 -0.125655
_link_inertial: 
0.012545   -6e-06 0.000751
  -6e-06 0.012925 0.000128
0.000751 0.000128 0.001146
_T_list: 
    1     0     0     0
    0     1     0     0
    0     0     1 -0.36
    0     0     0     1

No: 5
Parent_ID: 4
_axis: 3
_link_com: 0 0 0
_link_inertial: 
2e-05     0     0
    0 2e-05     0
    0     0 2e-05
_T_list: 
    1     0     0     0
    0     1     0     0
    0     0     1 -0.34
    0     0     0     1

No: 6
Parent_ID: 5
_axis: 1
_link_com: 0.014092 0 -0.024641
_link_inertial: 
0.000125        0 -6.5e-05
       0 0.001089        0
-6.5e-05        0 0.001152
_T_list: 
1 0 0 0
0 1 0 0
0 0 1 0
0 0 0 1

No: 7
Parent_ID: 0
_axis: 1
_link_com: -0.009637 -7.9e-05 -0.000669
_link_inertial: 
 0.001191    -1e-06 -0.000122
   -1e-06  0.001273        -0
-0.000122        -0  0.001434
_T_list: 
     1      0      0      0
     0      1      0 -0.105
     0      0      1      0
     0      0      0      1

No: 8
Parent_ID: 7
_axis: 5
_link_com: -2e-06 -0.044064 -0.085155
_link_inertial: 
0.009075        0 -2.9e-05
       0 0.014711 0.000457
-2.9e-05 0.000457 0.008308
_T_list: 
      1       0       0       0
      0       1       0       0
      0       0       1 -0.0415
      0       0       0       1

No: 9
Parent_ID: 8
_axis: 3
_link_com: 0.001848 0.020822 -0.089529
_link_inertial: 
 0.066232 -0.000184 -0.000831
-0.000184  0.072898  0.005319
-0.000831  0.005319  0.012788
_T_list: 
     1      0      0      0
     0      1      0      0
     0      0      1 -0.089
     0      0      0      1

No: 10
Parent_ID: 9
_axis: 3
_link_com: -0.003249 -8.9e-05 -0.125655
_link_inertial: 
 0.012545     6e-06  0.000751
    6e-06  0.012925 -0.000128
 0.000751 -0.000128  0.001146
_T_list: 
    1     0     0     0
    0     1     0     0
    0     0     1 -0.36
    0     0     0     1

No: 11
Parent_ID: 10
_axis: 3
_link_com: 0 0 0
_link_inertial: 
2e-05     0     0
    0 2e-05     0
    0     0 2e-05
_T_list: 
    1     0     0     0
    0     1     0     0
    0     0     1 -0.34
    0     0     0     1

No: 12
Parent_ID: 11
_axis: 1
_link_com: 0.014092 0 -0.024641
_link_inertial: 
0.000125       -0 -6.5e-05
      -0 0.001089       -0
-6.5e-05       -0 0.001152
_T_list: 
1 0 0 0
0 1 0 0
0 0 1 0
0 0 0 1

No: 0
Parent_ID: -1
_axis: 0
_link_com: -0.01 0 0.244709
_link_inertial: 
  0.6642  1.1e-05 0.000129
 1.1e-05  0.39147    3e-06
0.000129    3e-06  0.28166
_T_list: 
1 0 0 0
0 1 0 0
0 0 1 0
0 0 0 1

No: 1
Parent_ID: 0
_axis: 1
_link_com: -0.009637 7.9e-05 -0.000669
_link_inertial: 
 0.001191     1e-06 -0.000122
    1e-06  0.001273         0
-0.000122         0  0.001434
_T_list: 
    1     0     0     0
    0     1     0 0.105
    0     0     1     0
    0     0     0     1

No: 2
Parent_ID: 1
_axis: 5
_link_com: -2e-06 0.044064 -0.085155
_link_inertial: 
 0.009075        -0  -2.9e-05
       -0  0.014711 -0.000457
 -2.9e-05 -0.000457  0.008308
_T_list: 
      1       0       0       0
      0       1       0       0
      0       0       1 -0.0415
      0       0       0       1

No: 3
Parent_ID: 2
_axis: 3
_link_com: 0.001848 -0.020822 -0.089529
_link_inertial: 
 0.066232  0.000184 -0.000831
 0.000184  0.072898 -0.005319
-0.000831 -0.005319  0.012788
_T_list: 
     1      0      0      0
     0      1      0      0
     0      0      1 -0.089
     0      0      0      1

No: 4
Parent_ID: 3
_axis: 3
_link_com: -0.003249 8.9e-05 -0.125655
_link_inertial: 
0.012545   -6e-06 0.000751
  -6e-06 0.012925 0.000128
0.000751 0.000128 0.001146
_T_list: 
    1     0     0     0
    0     1     0     0
    0     0     1 -0.36
    0     0     0     1

No: 5
Parent_ID: 4
_axis: 3
_link_com: 0 0 0
_link_inertial: 
2e-05     0     0
    0 2e-05     0
    0     0 2e-05
_T_list: 
    1     0     0     0
    0     1     0     0
    0     0     1 -0.34
    0     0     0     1

No: 6
Parent_ID: 5
_axis: 1
_link_com: 0.014092 0 -0.024641
_link_inertial: 
0.000125        0 -6.5e-05
       0 0.001089        0
-6.5e-05        0 0.001152
_T_list: 
1 0 0 0
0 1 0 0
0 0 1 0
0 0 0 1

No: 7
Parent_ID: 0
_axis: 1
_link_com: -0.009637 -7.9e-05 -0.000669
_link_inertial: 
 0.001191    -1e-06 -0.000122
   -1e-06  0.001273        -0
-0.000122        -0  0.001434
_T_list: 
     1      0      0      0
     0      1      0 -0.105
     0      0      1      0
     0      0      0      1

No: 8
Parent_ID: 7
_axis: 5
_link_com: -2e-06 -0.044064 -0.085155
_link_inertial: 
0.009075        0 -2.9e-05
       0 0.014711 0.000457
-2.9e-05 0.000457 0.008308
_T_list: 
      1       0       0       0
      0       1       0       0
      0       0       1 -0.0415
      0       0       0       1

No: 9
Parent_ID: 8
_axis: 3
_link_com: 0.001848 0.020822 -0.089529
_link_inertial: 
 0.066232 -0.000184 -0.000831
-0.000184  0.072898  0.005319
-0.000831  0.005319  0.012788
_T_list: 
     1      0      0      0
     0      1      0      0
     0      0      1 -0.089
     0      0      0      1

No: 10
Parent_ID: 9
_axis: 3
_link_com: -0.003249 -8.9e-05 -0.125655
_link_inertial: 
 0.012545     6e-06  0.000751
    6e-06  0.012925 -0.000128
 0.000751 -0.000128  0.001146
_T_list: 
    1     0     0     0
    0     1     0     0
    0     0     1 -0.36
    0     0     0     1

No: 11
Parent_ID: 10
_axis: 3
_link_com: 0 0 0
_link_inertial: 
2e-05     0     0
    0 2e-05     0
    0     0 2e-05
_T_list: 
    1     0     0     0
    0     1     0     0
    0     0     1 -0.34
    0     0     0     1

No: 12
Parent_ID: 11
_axis: 1
_link_com: 0.014092 0 -0.024641
_link_inertial: 
0.000125       -0 -6.5e-05
      -0 0.001089       -0
-6.5e-05       -0 0.001152
_T_list: 
1 0 0 0
0 1 0 0
0 0 1 0
0 0 0 1

No: 0
Parent_ID: -1
_axis: 0
_link_com: -0.01 0 0.244709
_link_inertial: 
  0.6642  1.1e-05 0.000129
 1.1e-05  0.39147    3e-06
0.000129    3e-06  0.28166
_T_list: 
1 0 0 0
0 1 0 0
0 0 1 0
0 0 0 1

No: 1
Parent_ID: 0
_axis: 1
_link_com: -0.009637 7.9e-05 -0.000669
_link_inertial: 
 0.001191     1e-06 -0.000122
    1e-06  0.001273         0
-0.000122         0  0.001434
_T_list: 
    1     0     0     0
    0     1     0 0.105
    0     0     1     0
    0     0     0     1

No: 2
Parent_ID: 1
_axis: 5
_link_com: -2e-06 0.044064 -0.085155
_link_inertial: 
 0.009075        -0  -2.9e-05
       -0  0.014711 -0.000457
 -2.9e-05 -0.000457  0.008308
_T_list: 
      1       0       0       0
      0       1       0       0
      0       0       1 -0.0415
      0       0       0       1

No: 3
Parent_ID: 2
_axis: 3
_link_com: 0.001848 -0.020822 -0.089529
_link_inertial: 
 0.066232  0.000184 -0.000831
 0.000184  0.072898 -0.005319
-0.000831 -0.005319  0.012788
_T_list: 
     1      0      0      0
     0      1      0      0
     0      0      1 -0.089
     0      0      0      1

No: 4
Parent_ID: 3
_axis: 3
_link_com: -0.003249 8.9e-05 -0.125655
_link_inertial: 
0.012545   -6e-06 0.000751
  -6e-06 0.012925 0.000128
0.000751 0.000128 0.001146
_T_list: 
    1     0     0     0
    0     1     0     0
    0     0     1 -0.36
    0     0     0     1

No: 5
Parent_ID: 4
_axis: 3
_link_com: 0 0 0
_link_inertial: 
2e-05     0     0
    0 2e-05     0
    0     0 2e-05
_T_list: 
    1     0     0     0
    0     1     0     0
    0     0     1 -0.34
    0     0     0     1

No: 6
Parent_ID: 5
_axis: 1
_link_com: 0.014092 0 -0.024641
_link_inertial: 
0.000125        0 -6.5e-05
       0 0.001089        0
-6.5e-05        0 0.001152
_T_list: 
1 0 0 0
0 1 0 0
0 0 1 0
0 0 0 1

No: 7
Parent_ID: 0
_axis: 1
_link_com: -0.009637 -7.9e-05 -0.000669
_link_inertial: 
 0.001191    -1e-06 -0.000122
   -1e-06  0.001273        -0
-0.000122        -0  0.001434
_T_list: 
     1      0      0      0
     0      1      0 -0.105
     0      0      1      0
     0      0      0      1

No: 8
Parent_ID: 7
_axis: 5
_link_com: -2e-06 -0.044064 -0.085155
_link_inertial: 
0.009075        0 -2.9e-05
       0 0.014711 0.000457
-2.9e-05 0.000457 0.008308
_T_list: 
      1       0       0       0
      0       1       0       0
      0       0       1 -0.0415
      0       0       0       1

No: 9
Parent_ID: 8
_axis: 3
_link_com: 0.001848 0.020822 -0.089529
_link_inertial: 
 0.066232 -0.000184 -0.000831
-0.000184  0.072898  0.005319
-0.000831  0.005319  0.012788
_T_list: 
     1      0      0      0
     0      1      0      0
     0      0      1 -0.089
     0      0      0      1

No: 10
Parent_ID: 9
_axis: 3
_link_com: -0.003249 -8.9e-05 -0.125655
_link_inertial: 
 0.012545     6e-06  0.000751
    6e-06  0.012925 -0.000128
 0.000751 -0.000128  0.001146
_T_list: 
    1     0     0     0
    0     1     0     0
    0     0     1 -0.36
    0     0     0     1

No: 11
Parent_ID: 10
_axis: 3
_link_com: 0 0 0
_link_inertial: 
2e-05     0     0
    0 2e-05     0
    0     0 2e-05
_T_list: 
    1     0     0     0
    0     1     0     0
    0     0     1 -0.34
    0     0     0     1

No: 12
Parent_ID: 11
_axis: 1
_link_com: 0.014092 0 -0.024641
_link_inertial: 
0.000125       -0 -6.5e-05
      -0 0.001089       -0
-6.5e-05       -0 0.001152
_T_list: 
1 0 0 0
0 1 0 0
0 0 1 0
0 0 0 1

No: 0
Parent_ID: -1
_axis: 0
_link_com: -0.01 0 0.244709
_link_inertial: 
  0.6642  1.1e-05 0.000129
 1.1e-05  0.39147    3e-06
0.000129    3e-06  0.28166
_T_list: 
1 0 0 0
0 1 0 0
0 0 1 0
0 0 0 1

No: 1
Parent_ID: 0
_axis: 1
_link_com: -0.009637 7.9e-05 -0.000669
_link_inertial: 
 0.001191     1e-06 -0.000122
    1e-06  0.001273         0
-0.000122         0  0.001434
_T_list: 
    1     0     0     0
    0     1     0 0.105
    0     0     1     0
    0     0     0     1

No: 2
Parent_ID: 1
_axis: 5
_link_com: -2e-06 0.044064 -0.085155
_link_inertial: 
 0.009075        -0  -2.9e-05
       -0  0.014711 -0.000457
 -2.9e-05 -0.000457  0.008308
_T_list: 
      1       0       0       0
      0       1       0       0
      0       0       1 -0.0415
      0       0       0       1

No: 3
Parent_ID: 2
_axis: 3
_link_com: 0.001848 -0.020822 -0.089529
_link_inertial: 
 0.066232  0.000184 -0.000831
 0.000184  0.072898 -0.005319
-0.000831 -0.005319  0.012788
_T_list: 
     1      0      0      0
     0      1      0      0
     0      0      1 -0.089
     0      0      0      1

No: 4
Parent_ID: 3
_axis: 3
_link_com: -0.003249 8.9e-05 -0.125655
_link_inertial: 
0.012545   -6e-06 0.000751
  -6e-06 0.012925 0.000128
0.000751 0.000128 0.001146
_T_list: 
    1     0     0     0
    0     1     0     0
    0     0     1 -0.36
    0     0     0     1

No: 5
Parent_ID: 4
_axis: 3
_link_com: 0 0 0
_link_inertial: 
2e-05     0     0
    0 2e-05     0
    0     0 2e-05
_T_list: 
    1     0     0     0
    0     1     0     0
    0     0     1 -0.34
    0     0     0     1

No: 6
Parent_ID: 5
_axis: 1
_link_com: 0.014092 0 -0.024641
_link_inertial: 
0.000125        0 -6.5e-05
       0 0.001089        0
-6.5e-05        0 0.001152
_T_list: 
1 0 0 0
0 1 0 0
0 0 1 0
0 0 0 1

No: 7
Parent_ID: 0
_axis: 1
_link_com: -0.009637 -7.9e-05 -0.000669
_link_inertial: 
 0.001191    -1e-06 -0.000122
   -1e-06  0.001273        -0
-0.000122        -0  0.001434
_T_list: 
     1      0      0      0
     0      1      0 -0.105
     0      0      1      0
     0      0      0      1

No: 8
Parent_ID: 7
_axis: 5
_link_com: -2e-06 -0.044064 -0.085155
_link_inertial: 
0.009075        0 -2.9e-05
       0 0.014711 0.000457
-2.9e-05 0.000457 0.008308
_T_list: 
      1       0       0       0
      0       1       0       0
      0       0       1 -0.0415
      0       0       0       1

No: 9
Parent_ID: 8
_axis: 3
_link_com: 0.001848 0.020822 -0.089529
_link_inertial: 
 0.066232 -0.000184 -0.000831
-0.000184  0.072898  0.005319
-0.000831  0.005319  0.012788
_T_list: 
     1      0      0      0
     0      1      0      0
     0      0      1 -0.089
     0      0      0      1

No: 10
Parent_ID: 9
_axis: 3
_link_com: -0.003249 -8.9e-05 -0.125655
_link_inertial: 
 0.012545     6e-06  0.000751
    6e-06  0.012925 -0.000128
 0.000751 -0.000128  0.001146
_T_list: 
    1     0     0     0
    0     1     0     0
    0     0     1 -0.36
    0     0     0     1

No: 11
Parent_ID: 10
_axis: 3
_link_com: 0 0 0
_link_inertial: 
2e-05     0     0
    0 2e-05     0
    0     0 2e-05
_T_list: 
    1     0     0     0
    0     1     0     0
    0     0     1 -0.34
    0     0     0     1

No: 12
Parent_ID: 11
_axis: 1
_link_com: 0.014092 0 -0.024641
_link_inertial: 
0.000125       -0 -6.5e-05
      -0 0.001089       -0
-6.5e-05       -0 0.001152
_T_list: 
1 0 0 0
0 1 0 0
0 0 1 0
0 0 0 1
