< Model Information >

gravity:     0     0 -9.81

ndof: 18

< Bodies >
id: 6 7 8 9 10 11 12 13 14 15 16 17 18 

Mass & Inertia: 
19
  0.6642  1.1e-05 0.000129
 1.1e-05  0.39147    3e-06
0.000129    3e-06  0.28166

1.22011
 0.001191     1e-06 -0.000122
    1e-06  0.001273         0
-0.000122         0  0.001434

3.78605
 0.009075        -0  -2.9e-05
       -0  0.014711 -0.000457
 -2.9e-05 -0.000457  0.008308

5.75241
 0.066232  0.000184 -0.000831
 0.000184  0.072898 -0.005319
-0.000831 -0.005319  0.012788

1.56683
0.012545   -6e-06 0.000751
  -6e-06 0.012925 0.000128
0.000751 0.000128 0.001146

0.0814992
2e-05     0     0
    0 2e-05     0
    0     0 2e-05

0.328269
0.000125        0 -6.5e-05
       0 0.001089        0
-6.5e-05        0 0.001152

1.22011
 0.001191    -1e-06 -0.000122
   -1e-06  0.001273        -0
-0.000122        -0  0.001434

3.78605
0.009075        0 -2.9e-05
       0 0.014711 0.000457
-2.9e-05 0.000457 0.008308

5.75241
 0.066232 -0.000184 -0.000831
-0.000184  0.072898  0.005319
-0.000831  0.005319  0.012788

1.56683
 0.012545     6e-06  0.000751
    6e-06  0.012925 -0.000128
 0.000751 -0.000128  0.001146

0.0814992
2e-05     0     0
    0 2e-05     0
    0     0 2e-05

0.328269
0.000125       -0 -6.5e-05
      -0 0.001089       -0
-6.5e-05       -0 0.001152

< Joints >
Type        DOF         q_index     Axes        
6DoF        6           0           0 0 0 1 0 0
Revolute    1           0           1 0 0 0 0 0
Revolute    1           0           0 0 1 0 0 0
Revolute    1           32          0 1 0 0 0 0
Revolute    1           0           0 1 0 0 0 0
Revolute    1           0           0 1 0 0 0 0
Revolute    1           0           1 0 0 0 0 0
Revolute    1           0           1 0 0 0 0 0
Revolute    1           0           0 0 1 0 0 0
Revolute    1           0           0 1 0 0 0 0
Revolute    1           0           0 1 0 0 0 0
Revolute    1           32          0 1 0 0 0 0
Revolute    1           0           1 0 0 0 0 0

q_lbound    q_ubound    qd_bound    tau_bound   
-1e+20      1e+20       1e+20       0
-1e+20      1e+20       1e+20       0
-1e+20      1e+20       1e+20       0
-1e+20      1e+20       1e+20       0
-1e+20      1e+20       1e+20       0
-1e+20      1e+20       1e+20       0
-0.0872665  0.523599    12.5664     82.5
-0.392699   0.392699    12.5664     82.5
-1.22173    0.698132    22.4414     200
-0.0872665  2.0944      22.4414     200
-0.698132   0.349066    17.4568     16.6
-0.261799   0.261799    17.4568     16.6
-0.523599   0.0872665   12.5664     82.5
-0.392699   0.392699    12.5664     82.5
-1.22173    0.698132    22.4414     100
-0.0872665  2.0944      22.4414     100
-0.698132   0.349066    17.4568     16.6
-0.261799   0.261799    17.4568     16.6

